offseted    18      0
       0.000       0.000       0.000
      1       0.5  0.5   1.0     0.08 0.272 -0.959 -0.011 0.962 0.272 0.997 -0.011 0.08    85 85 85  1.0   0
      2       0.5  1.0   1.0     0.704 -0.456 -0.544 0.208 0.865 -0.456 0.679 0.208 0.704    80 80 80  1.0   0
      3       0.5  1.5   1.0     0.577 0.494 0.65 -0.815 0.302 0.494 0.048 -0.815 0.577    75 75 75  1.0   0
      4       0.5  2.0   1.0     0.167 -0.373 0.913 0.713 -0.594 -0.373 0.681 0.713 0.167    70 70 70  1.0   0
      5       0.5  2.5   1.0     0.982 0.131 -0.132 -0.114 0.985 0.131 0.148 -0.114 0.982    65 65 65  1.0   0
      6       0.5  3.0   1.0     0.024 0.152 -0.988 -0.002 0.988 0.152 1.0 -0.002 0.024    60 60 60  1.0   0
      7       0.5  3.5   1.0     0.817 -0.387 -0.428 0.221 0.895 -0.387 0.533 0.221 0.817    55 55 55  1.0   0
      8       0.5  4.0   1.0     0.445 0.497 0.745 -0.867 0.031 0.497 0.224 -0.867 0.445    50 50 50  1.0   0
      9       0.5  4.5   1.0     0.276 -0.447 0.851 0.827 -0.34 -0.447 0.489 0.827 0.276    45 45 45  1.0   0
      10       0.5  5.0   1.0     0.931 0.253 -0.262 -0.187 0.949 0.253 0.313 -0.187 0.931    40 40 40  1.0   0
      11       0.5  5.5   1.0     0.0 0.022 -1.0 -0.0 1.0 0.022 1.0 -0.0 0.0    35 35 35  1.0   0
      12       0.5  6.0   1.0     0.907 -0.29 -0.305 0.202 0.935 -0.29 0.369 0.202 0.907    30 30 30  1.0   0
      13       0.5  6.5   1.0     0.316 0.465 0.827 -0.85 -0.249 0.465 0.422 -0.85 0.316    25 25 25  1.0   0
      14       0.5  7.0   1.0     0.401 -0.49 0.774 0.869 -0.062 -0.49 0.289 0.869 0.401    20 20 20  1.0   0
      15       0.5  7.5   1.0     0.85 0.357 -0.388 -0.219 0.908 0.357 0.48 -0.219 0.85    15 15 15  1.0   0
      16       0.5  8.0   1.0     0.012 -0.11 -0.994 0.001 0.994 -0.11 1.0 0.001 0.012    10 10 10  1.0   0
      17       0.5  8.5   1.0     0.969 -0.173 -0.176 0.143 0.974 -0.173 0.202 0.143 0.969    5 5 5  1.0   0
      18       0.5  9.0   1.0     0.201 0.401 0.894 -0.759 -0.514 0.401 0.62 -0.759 0.201    0 0 0  1.0   0