4
m
0.000000 0.000000 0.000000
0.000000 0.000000 0.000000
P1T1 001 800 1537.957249 1537.957249 -.7071 .7071 0 0 0 1 .7071 .7071 0
P2T1 001 800 -1537.957249 1537.957249 -.7071 -.7071 0 0 0 1 -.7071 .7071 0
P3T1 001 800 -1537.957249 -1537.957249 .7071 -.7071 0 0 0 1 -.7071 -.7071 0
P4T1 001 800 1537.957249 -1537.957249 .7071 .7071 0 0 0 1 .7071 -.7071 0
0